84906004191
84898434378
84898433631
84906001148
84898437174
84906007851
84906008058
84898435821
84898436185
84906007492
84938277620
84898438613
84938277121
84938276697
84906003608
84898435122
84906007107
84906008678
84898435053
84906002355
84898437961
84906002779
84898434762
84906006662
84898436071
84898436230
84906008743
84906007732
84898433382
84906003539
84898433612
84906001984
84898436018
84898437651
84898439547
84898433701
84906008791
84938278905
84938277857
84906008974
84906002562
84906001265
84938277276
84906009550
84938279771
84906008762
84898434908
84906002560
