+967712175454
+967712173231
+967712174943
+967712170014
+967712175412
+967712172274
+967712177273
+967712173617
+967712174542
+967712178721
+967712178062
+967712174098
+967712174738
+967712179870
+967712175032
+967712171637
+967712173128
+967712176005
+967712178713
+967712173886
+967712173656
+967712172283
+967712177496
+967712172881
+967712177067
+967712171458
+967712172458
+967712176831
+967712178655
+967712170293
+967712173275
+967712175958
+967712176204
+967712174846
+967712173872
+967712170046
+967712170652
+967712174868
+967712171188
+967712175564
+967712178096
+967712175440
+967712171846
+967712179023
+967712179213
+967712172502
+967712172686
+967712175706
+967712172557
+967712174736
+967712172868
+967712176725
+967712170226
+967712178995
+967712171202
+967712172236
+967712171550
+967712176403
+967712173775
+967712171494
