+263787869664
+263787401064
+263781122318
+263783699476
+263779098243
+263788170081
+263781761342
+263784178861
+263779154908
+263787862241
+263781455458
+263779021296
+263786324020
+263779866855
+263780912711
+263779020035
+263784863670
+263779244492
+263781013462
+263779152547
+263786263952
+263783088317
+263781112965
+263779037248
+263783292357
+263780856205
+263779511526
+263780967701
+263783956469
+263781635665
+263780953192
+263779039588
+263781008917
+263787731178
+263787713255
+263780147910
+263781680144
+263780940350
+263781544802
+263782205921
+263780970896
+263780220393
+263779043252
+263787600830
+263787622432
+263783134065
+263780955937
+263780137507
+263787409885
+263787452386
+263780221056
+263780943079
+263781024494
+263779359027
+263780540818
+263787202021
+263787333177
+263779060646
+263781014837
+263781062359
+263778962714
+263780449104
+263780643737
+263783477857
+263783742928
+263782204042
+263782630921
+263781584211
+263779215005
+263781875446
+263787127482
+263779171040
+263778808387
+263780133468
+263784567556
+263787036664
+263787362689
+263781210644
+263782086284
+263781658955
+263781603279
+263779565146
+263779826300
+263780413676
+263784542229
+263787018495
+263783304284
+263787794717
+263780115409
+263787348741
+263780898535
+263779525562
+263781480647
+263780116371
+263782125074
+263778837056
+263779132688
+263787251524
+263781104613
+263781127523
+263785466542
+263788149570
+263779843060
+263787565792
+263779384490
+263779469680
+263779291192
+263787570166
+263787607590
+263782205750
+263782244022
+263787686382
+263781003655
+263781028510
+263780187356
+263780088046
+263780433463
+263779238167
+263784025702
+263781053877
+263780175276
+263787900711
+263778818236
+263780967843
+263785190918
+263779337690
+263779274087
+263780831880
+263780196251
+263781521104
+263779054801
+263782000023
+263781012549
+263781512916
+263781071980
+263780489329
+263784719185
+263787479772
+263779260862
+263780565722
+263779205061
+263783011162
+263783933404
+263780425429
+263780071123
+263780947818
+263779994477
+263781000625
+263780917566
+263780995925
+263788017767
+263785974173
+263785839075
+263779184656
+263785865828
+263779457769
+263781741779
+263787905973
+263779684302
+263781020660
+263781569443
+263778823349
+263787149948
+263781043863
+263780863028
+263779524596
+263779816977
