+263775678421
+263787036051
+263787115934
+263787030078
+263775765327
+263775805363
+263787336352
+263787890495
+263787672725
+263787922270
+263787268533
+263774531415
+263775197797
+263775752949
+263787376831
+263787628064
+263787512106
+263784785192
+263787024553
+263787163053
+263787032837
+263775435970
+263774949573
+263787726400
+263775652794
+263775846398
+263787790056
+263775554934
+263787518775
+263787420365
+263787593747
+263787597153
+263787726613
+263774348592
+263784028474
+263787231948
+263775317565
+263786721964
+263787121191
+263787073030
+263774677649
+263786185716
+263787006404
+263775803136
+263787949833
+263787077308
+263784558445
+263787565985
+263787854348
+263787288933
+263787586425
+263786415012
+263787417677
+263774356669
+263776629902
+263775882379
+263784982446
+263787080258
+263787171637
+263787591610
+263787789114
+263787493424
+263787701832
+263787731338
+263784222279
+263787445599
+263776893838
+263787856808
+263787013877
+263787960158
+263787683861
+263787902701
+263775824604
+263775971143
+263775164658
+263787547599
+263787629810
+263787468221
+263787014480
+263775150100
+263775568642
+263775976474
+263787423566
+263775781975
+263787775463
+263786669122
+263787023854
+263787283842
+263787096802
+263787873176
+263787952754
+263787685361
+263787750826
+263786322965
+263774112419
+263787939975
+263787252040
+263787501507
+263775921978
+263787283162
+263774156804
+263787245067
+263787911563
+263786563121
+263775728339
+263787697458
+263787169446
+263784108100
+263787124431
+263774000775
+263787395518
+263786391259
+263787471309
+263775685748
+263786375645
+263787273960
+263787541605
+263787587670
+263774521377
+263787544450
+263787145956
+263787199169
+263787858567
+263786334572
+263787826488
+263776808773
+263775038259
+263787725143
+263787204121
+263786172745
+263786005663
+263774205609
+263787345590
+263786767604
+263787058571
+263787340219
+263784563481
+263776365288
+263774700190
+263787658829
+263787928126
+263786981380
+263787020728
+263787499104
+263775499022
+263787313070
+263774410220
+263787630378
+263774921595
+263787749357
+263787414497
+263787183812
+263787446231
+263787009040
+263774041451
+263787530694
+263775275127
+263787997428
+263787790482
+263786132033
+263787056583
+263787602278
+263784819822
+263784810446
+263787261078
+263787756631
+263784126159
+263787180782
+263787193090
+263786652991
+263775798312
+263787212958
+263775919181
+263787984860
+263787542602
+263784307359
+263775138162
+263775014765
+263787997715
+263787795077
+263775066388
+263774419728
+263774122807
+263787426411
+263786205092
+263774709927
+263787258409
+263775088403
+263774286601
+263787723409
+263787083662
+263787247528
+263775031134
+263787241465
+263784234263
+263774828508
+263774609067
+263787479644
+263784992202
+263787492952
+263787756004
+263775682554
+263775973286
+263787784347
+263775098509
+263784135770
+263787315868
+263787022832
+263787843755
+263775252991
+263787125973
+263787435295
+263787812539
+263787219816
+263787742198
+263787913618
+263787025590
+263786788893
+263787563174
+263787320602
+263787458408
+263787774687
+263787545444
+263787629097
+263775666489
+263787107423
+263786033705
+263775599045
+263787424262
+263787514478
+263787933333
+263787007342
+263787869988
+263775756904
+263787602188
+263787961600
+263787180334
+263784968931
+263775483990
+263787579896
+263787128505
+263787605276
+263784848134
+263787777067
+263775339347
+263787890574
+263784732068
+263786479363
+263787239004
+263784408085
+263784179895
+263787787805
+263787432172
+263787645408
+263774859328
+263787359527
+263775327273
+263786373225
+263787604366
+263787495471
+263787162558
+263787913635
+263787245753
+263787141617
+263787795563
+263787906843
+263775201856
+263774978700
+263774118247
+263786155445
+263787963357
+263775995520
+263774575719
+263775360949
+263784532758
+263787428333
+263787071484
+263786417022
+263774762790
+263787652736
+263777538226
+263777739885
+263777741473
+263777066304
+263777127256
+263777434992
+263777394927
+263777526335
+263777000027
+263777499637
+263777916097
+263777302841
+263777413466
+263777498059
+263777196600
+263777339594
+263777239783
+263777924444
+263777134311
+263777542007
+263777860628
+263777942231
+263777372212
+263777717133
+263777794017
+263777630511
+263777201171
+263777826075
+263777427996
+263777568379
+263777582834
+263777673773
+263777814929
+263777953638
+263777678924
+263777109029
+263777769112
+263777160147
+263777645641
+263777951395
+263777360189
+263777092741
+263777091999
+263777490300
+263777011543
+263777380323
+263777296399
+263777444074
+263777275518
+263777490635
+263777143134
+263777393533
+263777825717
+263777381683
+263777618416
+263777197515
+263777002661
+263777067406
+263777466791
+263777984798
+263777126192
+263777795114
+263777446453
+263777652158
+263777020604
+263777790912
+263777379877
+263777649670
+263777325247
+263777515024
+263777643977
+263777855028
+263777241075
+263777269723
+263777672469
+263777389572
+263777820630
+263777627643
+263777518538
+263777881379
+263777459829
+263777437876
+263777986209
+263777523487
+263777583753
+263777936194
+263777485225
+263777624758
+263777540308
+263777621665
+263777750436
+263777830417
+263777956529
+263777790633
+263777223451
+263777437524
+263777782106
+263777559144
+263777363971
+263777439651
+263777079481
+263777408426
+263777278827
+263777522623
+263777597179
+263777945080
+263777126691
+263777217582
+263777330120
+263777300815
+263777211033
+263777028323
+263777526738
+263777916892
+263777649596
+263777792629
+263777908433
+263777937685
+263777037179
+263777528321
+263777932271
+263777762484
+263777214943
+263777877491
+263777095992
+263777585108
+263777416559
+263777382801
+263777840058
+263777979657
+263777162202
+263777402586
+263777525771
+263777517749
+263777144443
+263777011897
+263777502002
+263777879197
+263777715856
+263777751571
+263777226602
