
+263777000027
+263777000485
+263777000771
+263777002661
+263777005862
+263777006238
+263777007515
+263777010214
+263777010818
+263777011543
+263777011897
+263777016931
+263777020604
+263777021638
+263777023988
+263777026414
+263777028323
+263777030981
+263777037179
+263777038251
+263777048760
+263777065895
+263777066304
+263777067406
+263777068332
+263777069806
+263777071222
+263777072670
+263777075202
+263777076497
+263777079023
+263777079481
+263777080645
+263777081617
+263777082386
+263777086835
+263777086861
+263777090981
+263777091999
+263777092741
+263777095992
+263777099745
+263777109029
+263777113830
+263777115157
+263777120449
+263777126192
+263777126691
+263777127256
+263777129229
+263777134311
+263777136995
+263777137446
+263777141563
+263777143040
+263777143134
+263777144443
+263777150305
+263777150411
+263777152538
+263777153690
+263777154076
+263777154913
+263777160147
+263777162202
+263777162778
+263777163249
+263777167899
+263777168430
+263777168734
+263777169321
+263777170989
+263777171415
+263777171811
+263777172606
+263777172712
+263777174393
+263777176389
+263777178532
+263777180983
+263777182566
+263777183247
+263777185276
+263777185292
+263777191423
+263777191649
+263777195707
+263777196600
+263777197515
+263777199162
+263777199800
+263777201171
+263777202215
+263777204672
+263777211033
+263777211171
+263777214457
+263777214606
+263777214943
+263777215543
+263777216736
+263777217582
+263777217898
+263777220934
+263777223008
+263777223183
+263777223451
+263777223520
+263777225216
+263777226602
+263777226748
+263777236564
+263777237362
+263777239783
+263777241075
+263777242148
+263777252811
+263777256702
+263777260118
+263777263040
+263777265091
+263777265414
+263777269554
+263777269723
+263777270216
+263777272571
+263777273379
+263777275518
+263777275607
+263777278827
+263777279839
+263777283170
+263777288703
+263777293979
+263777296399
+263777299689
+263777300815
+263777302824
+263777302841
+263777306675
+263777308313
+263777310062
+263777310615
+263777317294
+263777319483
+263777321378
+263777325247
+263777326550
+263777326846
+263777330120
+263777332290
+263777332689
+263777332871
+263777332987
+263777333377
+263777334043
+263777335406
+263777339594
+263777343313
+263777344870
+263777347426
+263777348121
+263777360189
+263777360494
+263777360685
+263777362888
+263777363971
+263777364168
+263777364395
+263777365930
+263777365976
+263777366082
+263777370998
+263777372212
+263777375008
+263777376847
+263777379393
+263777379520
+263777379877
+263777380323
+263777381683
+263777382801
+263777384003
+263777384145
+263777384442
+263777386073
+263777389572
+263777393196
+263777393533
+263777394850
+263777394927
+263777401328
+263777402586
+263777405512
+263777407418
+263777407535
+263777408332
+263777408426
+263777408820
+263777413466
+263777416559
+263777426663
+263777426743
+263777427996
+263777434992
+263777435240
+263777437248
+263777437449
+263777437524
+263777437876
+263777439651
+263777441017
+263777444074
+263777446453
+263777448322
+263777450113
+263777452221
+263777459829
+263777462386
+263777463814
+263777466789
+263777466791
+263777471569
+263777472580
+263777474092
+263777478936
+263777479505
+263777480742
+263777481042
+263777481307
+263777481309
+263777482905
+263777484071
+263777485225
+263777486181
+263777486430
+263777486486
+263777489805
+263777490300
+263777490635
+263777492785
+263777493703
+263777494079
+263777494570
+263777495892
+263777497877
+263777498059
+263777499637
+263777502002
+263777505878
+263777505968
+263777507287
+263777507388
+263777509926
+263777510045
+263777510241
+263777511859
+263777513670
+263777515024
+263777517749
+263777517976
+263777518538
+263777519663
+263777520463
+263777521921
+263777522348
+263777522488
+263777522623
+263777523413
+263777523487
+263777525771
+263777526335
+263777526738
+263777527572
+263777528321
+263777530849
+263777535891
+263777535971
+263777536992
+263777538226
+263777539010
+263777540308
+263777542007
+263777542423
+263777546483
+263777550810
+263777552204
+263777557170
+263777559144
+263777562504
+263777565539
+263777566517
+263777568379
+263777571412
+263777573617
+263777573846
+263777575221
+263777582834
+263777583188
+263777583753
+263777584399
+263777585108
+263777586587
+263777586901
+263777588583
+263777590761
+263777592278
+263777594295
+263777594462
+263777597179
+263777598320
+263777600632
+263777601755
+263777603903
+263777604958
+263777607227
+263777608429
+263777608855
+263777609486
+263777618416
+263777619045
+263777621656
+263777621665
+263777624758
+263777627643
+263777630511
+263777631236
+263777631875
+263777632644
+263777643977
+263777644512
+263777645641
+263777645977
+263777649596
+263777649670
+263777652158
+263777652720
+263777657580
+263777662978
+263777665066
+263777665781
+263777666158
+263777667411
+263777668217
+263777672469
+263777673773
+263777674566
+263777674613
+263777677210
+263777678924
+263777681274
+263777681437
+263777681556
+263777683466
+263777685465
+263777689504
+263777693983
+263777697365
+263777700802
+263777708966
+263777709327
+263777711553
+263777715856
+263777717133
+263777720035
+263777734041
+263777734620
+263777739885
+263777741473
+263777741736
+263777747291
+263777750299
+263777750436
+263777751571
+263777753951
+263777754107
+263777756119
+263777757171
+263777760426
+263777762484
+263777762900
+263777766446
+263777769112
+263777780166
+263777780533
+263777781902
+263777782106
+263777782741
+263777783536
+263777783615
+263777786086
+263777786308
+263777790171
+263777790633
+263777790912
+263777791638
+263777792629
+263777793422
+263777794017
+263777795114
+263777796046
+263777798075
+263777798801
+263777800894
+263777801038
+263777801508
+263777803377
+263777803663
+263777804029
+263777804515
+263777806972
+263777814500
+263777814929
+263777815384
+263777816548
+263777817327
+263777819217
+263777820276
+263777820630
+263777825292
+263777825717
+263777826075
+263777830417
+263777831723
+263777834644
+263777840058
+263777845154
+263777847455
+263777848794
+263777851061
+263777851618
+263777852662
+263777855028
+263777856324
+263777859039
+263777860628
+263777860849
+263777862439
+263777863124
+263777863524
+263777864629
+263777877369
+263777877385
+263777877491
+263777879197
+263777880602
+263777881379
+263777888393
+263777888918
+263777899233
+263777901356
+263777903171
+263777904569
+263777904951
+263777907993
+263777908433
+263777916097
+263777916483
+263777916892
+263777917773
+263777918259
+263777922102
+263777924130
+263777924444
+263777932271
+263777932633
+263777933345
+263777935281
+263777936194
+263777937685
+263777942231
+263777942600
+263777945080
+263777946792
+263777949372
+263777951395
+263777953638
+263777953685
+263777954444
+263777954965
+263777955404
+263777955882
+263777956377
+263777956529
+263777956888
+263777959300
+263777960658
+263777962376
+263777972326
+263777975336
+263777979657
+263777980920
+263777981324
+263777981869
+263777984798
+263777986209
+263777986488
+263777987310
+263777990247
+263777991104