
+84772740033
+84772740054
+84772740096
+84772740123
+84772740151
+84772740189
+84772740203
+84772740253
+84772740264
+84772740266
+84772740350
+84772740358
+84772740377
+84772740382
+84772740396
+84772740398
+84772740401
+84772740424
+84772740454
+84772740475
+84772740488
+84772740501
+84772740502
+84772740506
+84772740539
+84772740640
+84772740705
+84772740729
+84772740733
+84772740761
+84772740771
+84772740793
+84772740852
+84772740872
+84772740908
+84772740919
+84772740947
+84772740949
+84772740987
+84772740996
+84772741021
+84772741045
+84772741204
+84772741210
+84772741240
+84772741244
+84772741288
+84772741305
+84772741336
+84772741343
+84772741475
+84772741476
+84772741491
+84772741506
+84772741588
+84772741661
+84772741672
+84772741705
+84772741730
+84772741748
+84772741758
+84772741766
+84772741774
+84772741804
+84772741839
+84772741871
+84772741880
+84772741914
+84772741976
+84772741995
+84772742025
+84772742039
+84772742069
+84772742074
+84772742083
+84772742084
+84772742097
+84772742110
+84772742121
+84772742123
+84772742178
+84772742188
+84772742227
+84772742230
+84772742243
+84772742284
+84772742292
+84772742301
+84772742330
+84772742355
+84772742360
+84772742368
+84772742379
+84772742387
+84772742401
+84772742431
+84772742485
+84772742510
+84772742557
+84772742576
+84772742593
+84772742630
+84772742655
+84772742662
+84772742687
+84772742691
+84772742732
+84772742756
+84772742838
+84772742888
+84772742889
+84772742923
+84772742933
+84772743047
+84772743048
+84772743056
+84772743058
+84772743064
+84772743094
+84772743102
+84772743125
+84772743146
+84772743173
+84772743185
+84772743209
+84772743228
+84772743262
+84772743264
+84772743293
+84772743309
+84772743310
+84772743313
+84772743339
+84772743346
+84772743348
+84772743359
+84772743363
+84772743467
+84772743548
+84772743620
+84772743648
+84772743730
+84772743841
+84772743888
+84772743890
+84772743895
+84772743943
+84772743952
+84772743985
+84772744044
+84772744048
+84772744066
+84772744083
+84772744114
+84772744150
+84772744156
+84772744186
+84772744269
+84772744332
+84772744374
+84772744375
+84772744398
+84772744421
+84772744458
+84772744470
+84772744515
+84772744519
+84772744549
+84772744571
+84772744590
+84772744631
+84772744648
+84772744674
+84772744685
+84772744721
+84772744723
+84772744728
+84772744737
+84772744788
+84772744800
+84772744817
+84772744829
+84772744844
+84772744846
+84772744875
+84772744876
+84772744901
+84772744907
+84772744917
+84772744935
+84772744943
+84772744963
+84772744970
+84772744995
+84772745023
+84772745036
+84772745049
+84772745064
+84772745070
+84772745077
+84772745106
+84772745151
+84772745158
+84772745169
+84772745172
+84772745175
+84772745179
+84772745192
+84772745194
+84772745205
+84772745233
+84772745239
+84772745241
+84772745252
+84772745263
+84772745284
+84772745301
+84772745407
+84772745420
+84772745515
+84772745528
+84772745581
+84772745605
+84772745624
+84772745634
+84772745637
+84772745661
+84772745675
+84772745677
+84772745700
+84772745718
+84772745814
+84772745817
+84772745843
+84772745908
+84772745917
+84772745968
+84772746030
+84772746072
+84772746085
+84772746105
+84772746133
+84772746142
+84772746143
+84772746186
+84772746241
+84772746308
+84772746389
+84772746397
+84772746406
+84772746410
+84772746433
+84772746455
+84772746459
+84772746491
+84772746528
+84772746545
+84772746551
+84772746559
+84772746567
+84772746588
+84772746644
+84772746649
+84772746651
+84772746668
+84772746693
+84772746705
+84772746737
+84772746750
+84772746754
+84772746786
+84772746868
+84772746869
+84772746885
+84772746906
+84772746930
+84772746950
+84772746979
+84772746990
+84772746993
+84772746994
+84772747052
+84772747064
+84772747145
+84772747176
+84772747184
+84772747209
+84772747235
+84772747272
+84772747291
+84772747307
+84772747371
+84772747382
+84772747421
+84772747435
+84772747486
+84772747493
+84772747498
+84772747524
+84772747558
+84772747583
+84772747588
+84772747617
+84772747651
+84772747702
+84772747746
+84772747754
+84772747764
+84772747811
+84772747817
+84772747836
+84772747871
+84772747876
+84772747922
+84772747925
+84772747962
+84772747999
+84772748042
+84772748045
+84772748099
+84772748107
+84772748108
+84772748130
+84772748145
+84772748168
+84772748207
+84772748210
+84772748212
+84772748217
+84772748224
+84772748305
+84772748334
+84772748341
+84772748399
+84772748466
+84772748474
+84772748607
+84772748608
+84772748625
+84772748720
+84772748723
+84772748754
+84772748763
+84772748785
+84772748816
+84772748825
+84772748866
+84772748891
+84772748924
+84772748975
+84772749001
+84772749003
+84772749035
+84772749037
+84772749040
+84772749107
+84772749151
+84772749172
+84772749190
+84772749204
+84772749229
+84772749256
+84772749261
+84772749311
+84772749334
+84772749336
+84772749337
+84772749366
+84772749374
+84772749409
+84772749445
+84772749448
+84772749493
+84772749506
+84772749528
+84772749529
+84772749546
+84772749563
+84772749567
+84772749626
+84772749635
+84772749661
+84772749702
+84772749728
+84772749768
+84772749819
+84772749823
+84772749828
+84772749835
+84772749838
+84772749888
+84772749905
+84772749912
+84772749922
+84772749928
+84772749936
+84772749957
+84772749958
+84772749971
+84772749984